tests/files/output_solution/calibrator.ecsv
# %ECSV 1.0
# ---
# delimiter: ','
# datatype:
# -
#   name: source_id
#   datatype: long
#   description: Source identifier
# -
#   name: flux
#   datatype: float
#   description: Spectrum flux
# -
#   name: flux_error
#   datatype: float
#   description: Spectrum flux error
source_id,flux,flux_error
[from data line 1]
4,"(7.09946308187746e-16, 7.468755979569835e-16, 7.140050230117467e-16, 6.616565907777591e-16, 6.418858989675154e-16, 6.464446859607167e-16, 6.458905758014365e-16, 6.141832221841866e-16, 5.823497200256617e-16, 5.803901898663691e-16, 5.867368743487509e-16, 5.818781155986371e-16, 5.809479189128015e-16, 5.691253321244494e-16, 5.533470235333193e-16, 5.484976824232553e-16, 5.522352658154518e-16, 5.497186426921907e-16, 5.408651473733503e-16, 5.328763001032828e-16, 5.213237025990537e-16, 5.058649931579931e-16, 4.87878760126753e-16, 4.80217986559024e-16, 4.933220776205576e-16, 5.112632838068946e-16, 5.098685795883196e-16, 4.840660557615788e-16, 4.530354352816553e-16, 4.350875965160015e-16, 4.387335291501874e-16, 4.584565947681298e-16, 4.796284765425133e-16, 4.910725604352189e-16, 4.83902862894853e-16, 4.622128369861057e-16, 4.3551766589216303e-16, 4.1456480676646916e-16, 4.078625901301639e-16, 4.2043107691430895e-16, 4.470552053547607e-16, 4.785828946778135e-16, 5.029145995245511e-16, 5.094055548818892e-16, 4.935069639462315e-16, 4.591718728943434e-16, 4.14216489736927e-16, 3.714145492255639e-16, 3.404608443338266e-16, 3.264361236890448e-16, 3.299131433037501e-16, 3.4680574832407037e-16, 3.6898622157896027e-16, 3.8988396042009285e-16, 4.047666763947737e-16, 4.11936941523856e-16, 4.1194576205005873e-16, 4.066645978952093e-16, 3.9890705111643214e-16, 3.9096905364152486e-16, 3.8397425757962356e-16, 3.7918982013590213e-16, 3.757581621996436e-16, 3.7346465358128465e-16, 3.711640115885432e-16, 3.6700261749382787e-16, 3.6110628382980106e-16, 3.513745958218714e-16, 3.381510955796074e-16, 3.2187863013101744e-16, 3.033773656944497e-16, 2.842311428726525e-16, 2.668481239646962e-16, 2.520914152834026e-16, 2.4212684996405903e-16, 2.36729125867988e-16, 2.3639637216619737e-16, 2.402668055805211e-16, 2.4708699811116554e-16, 2.5479300404178545e-16, 2.61974664028019e-16, 2.678972352052913e-16, 2.7175357574630253e-16, 2.72280028605373e-16, 2.709895536143393e-16, 2.676540486667273e-16, 2.6327600561036154e-16, 2.5872365946986563e-16, 2.5423796281713593e-16, 2.5037462912435786e-16, 2.4721816406866326e-16, 2.445427000270463e-16, 2.416405870604829e-16, 2.3904360042270577e-16, 2.3628250021942483e-16, 2.328875035930015e-16, 2.2919879926286226e-16, 2.2531865152726906e-16, 2.2089032035725168e-16, 2.1658388025983545e-16, 2.1297875282655673e-16, 2.0977211452710887e-16, 2.068879327664519e-16, 2.0473465515122242e-16, 2.03234058869639e-16, 2.0149817532727931e-16, 1.9989949703124578e-16, 1.9824821610351695e-16, 1.9648876360181064e-16, 1.9382978654413702e-16, 1.9117758470558944e-16, 1.8816822883962587e-16, 1.8478543996428563e-16, 1.8133878000740573e-16, 1.7805140378820315e-16, 1.751345974754384e-16, 1.7253205768216267e-16, 1.7071445323646709e-16, 1.6954222632847604e-16, 1.6817281228387456e-16, 1.6677357075437316e-16, 1.648520881383304e-16, 1.627927959085808e-16, 1.601917383902205e-16, 1.5697231668041872e-16, 1.5408191162179713e-16, 1.5118616937231412e-16, 1.486584061365345e-16, 1.4688004403926336e-16, 1.4479191512254538e-16, 1.4287835755848252e-16, 1.4159667377668394e-16, 1.4051389641496913e-16, 1.3950478766439913e-16, 1.3818987477074399e-16, 1.3674885379834543e-16, 1.3503237641537312e-16, 1.332310842622448e-16, 1.314241395438565e-16, 1.2957108514481606e-16, 1.27677534519553e-16, 1.2596804891428695e-16, 1.2387982956292433e-16, 1.2217325733637603e-16, 1.2123659656905326e-16, 1.2024571749120278e-16, 1.1939304128146749e-16, 1.1860210025769898e-16, 1.175262759054268e-16, 1.1647528611447116e-16, 1.1519240686269627e-16, 1.1397009472305015e-16, 1.127645735870834e-16, 1.1236046156477047e-16, 1.0933715666818956e-16, 1.051230202486739e-16, 1.0131889984140773e-16, 9.725574564931303e-17, 9.19814018928414e-17, 8.60676220846277e-17, 8.132188765642752e-17, 7.975735026718611e-17, 8.211175482083314e-17, 8.713530158901384e-17, 9.235681254352353e-17, 9.547526781912703e-17, 9.590027657585199e-17, 9.441298373465242e-17, 9.237002155694663e-17, 9.10541114413531e-17, 9.112677990030863e-17, 9.156160626552718e-17, 9.147795883109639e-17, 9.034349024077542e-17, 8.821257678792963e-17, 8.593187695246282e-17, 8.439351402321106e-17, 8.382117039786037e-17, 8.372135082418041e-17, 8.374584373356307e-17, 8.302606874635367e-17, 8.161476308155428e-17, 7.992794542279817e-17, 7.88898876403752e-17, 7.84251874976556e-17, 7.859183985939006e-17, 7.8906858038545e-17, 7.843994936814197e-17, 7.705639194418372e-17, 7.50591306418071e-17, 7.316396243723554e-17, 7.194029055604121e-17, 7.152190803913839e-17, 7.204951639635211e-17, 7.247921757754632e-17, 7.236394231985169e-17, 7.154057588414883e-17, 6.981757863651255e-17, 6.769121698263108e-17, 6.593213413499276e-17, 6.507962799685332e-17, 6.494848212333015e-17, 6.530910518674025e-17, 6.575813913737503e-17, 6.572362527956581e-17, 6.511309168572479e-17, 6.398218427429359e-17, 6.285371157759708e-17, 6.178548048366554e-17, 6.121007405398923e-17, 6.081298492661963e-17, 6.063381677847154e-17, 6.040156723160119e-17, 5.978411853921075e-17, 5.894387690801488e-17, 5.806005980537367e-17, 5.727201510684687e-17, 5.685868822642661e-17, 5.657148375605041e-17, 5.639115584421734e-17, 5.623773671997032e-17, 5.588152974283904e-17, 5.5240979617077507e-17, 5.4266372632309315e-17, 5.342184186847356e-17, 5.264688773639962e-17, 5.2081682886210034e-17, 5.1772618745489766e-17, 5.1545591272621215e-17, 5.130737838560443e-17, 5.0854860745645635e-17, 5.001388621234597e-17, 4.8998546333916013e-17, 4.7843163742966555e-17, 4.6797147030093265e-17, 4.617847610910477e-17, 4.589967995680982e-17, 4.5951690280273877e-17, 4.621662030681599e-17, 4.6298319316956486e-17, 4.638342793909785e-17, 4.59885438348023e-17, 4.532485900708513e-17, 4.4315635125760565e-17, 4.327741220366193e-17, 4.249633943959128e-17, 4.1990473579299313e-17, 4.179914683617205e-17, 4.192030540580161e-17, 4.2097542880250685e-17, 4.227929407430164e-17, 4.2404599817448336e-17, 4.209314237793205e-17, 4.1561484542568516e-17, 4.061867577727975e-17, 3.99151308094052e-17, 3.926383911408657e-17, 3.8806464057804944e-17, 3.8429476544460956e-17, 3.831854373166974e-17, 3.828816059559975e-17, 3.828879384581237e-17, 3.805672152243035e-17, 3.758748482545278e-17, 3.70054468609813e-17, 3.6309115952091854e-17, 3.5829752154845925e-17, 3.506262991438623e-17, 3.482760692063679e-17, 3.4687288314944416e-17, 3.4848782098350804e-17, 3.515212400497842e-17, 3.564890291356108e-17, 3.578729631023364e-17, 3.5656717668572416e-17, 3.517041789499339e-17, 3.445676472370563e-17, 3.361115449383855e-17, 3.263777534762345e-17, 3.1730541799317074e-17, 3.118769319336115e-17, 3.0804885995695364e-17, 3.0812847676883865e-17, 3.1081105709695536e-17, 3.139069067320621e-17, 3.168631672023107e-17, 3.203785150694143e-17, 3.194481789758119e-17, 3.1617668688513405e-17, 3.109199671795762e-17, 3.039195357112754e-17, 2.9383348584698355e-17, 2.857683288090896e-17, 2.8131247591740306e-17, 2.7652900318826765e-17, 2.747538669517892e-17, 2.7761895707685816e-17, 2.803926946344786e-17, 2.8351942277082905e-17, 2.8710129524469615e-17, 2.888331150764739e-17, 2.8853314857290505e-17, 2.8403797321251166e-17, 2.7721115937411367e-17, 2.7200506415504163e-17, 2.6215190251347938e-17, 2.5405572871916614e-17, 2.5043754447929862e-17, 2.4568955011829707e-17, 2.451958472616418e-17, 2.4910534837124906e-17, 2.5295311305778252e-17, 2.5822404870174472e-17, 2.630126897587304e-17, 2.6677767402068392e-17, 2.65009149189084e-17, 2.6199472996452963e-17, 2.5654014376717276e-17, 2.4470279101819085e-17, 2.352771105100859e-17, 2.239486998325699e-17, 2.1192054390334755e-17, 2.0710834373791267e-17, 2.0155675847645174e-17, 2.0312992939499002e-17, 2.0825184732171448e-17, 2.147111433576664e-17, 2.27904215262934e-17, 2.3697041499240823e-17, 2.48172151902221e-17, 2.5575445444979077e-17, 2.5588689185281198e-17, 2.5244909356863772e-17, 2.4122130966174335e-17, 2.2242189764125957e-17, 2.0156613879782336e-17, 1.743018969102831e-17, 1.4929149483584324e-17, 1.2818748560190352e-17, 1.1205774281320924e-17, 1.099134956020375e-17, 1.1813268035964698e-17, 1.4530437198150387e-17)","(3.061596764280633e-17, 2.691140012604713e-17, 2.530224165923768e-17, 2.4622047156160073e-17, 2.5139184001654258e-17, 2.6391160241081525e-17, 2.866762450378291e-17, 3.097303408461967e-17, 3.420596020527081e-17, 3.605180089963161e-17, 3.459889685582829e-17, 3.0137301746558783e-17, 2.784480149768417e-17, 2.6358981560424944e-17, 2.55876610697713e-17, 2.6071250281672198e-17, 2.5929564939014662e-17, 2.7103789699152278e-17, 2.6606947233869697e-17, 2.7213836655525672e-17, 2.813689116059178e-17, 2.7161095986171353e-17, 2.88183611501266e-17, 2.700463333087262e-17, 2.469773069156511e-17, 2.3932649396644925e-17, 1.955227546656143e-17, 1.7165768617752336e-17, 1.5812974526069004e-17, 1.2743047938884402e-17, 1.1745647976429283e-17, 1.1259493688023526e-17, 9.503410727179265e-18, 9.093392346411023e-18, 9.15927342938268e-18, 8.059576771700775e-18, 7.557686081765994e-18, 7.919107173197084e-18, 7.406882356038617e-18, 6.714938572336507e-18, 6.99842900019892e-18, 7.098989038998747e-18, 6.449894228159059e-18, 6.203929661719972e-18, 6.557426106634571e-18, 6.397503573787456e-18, 5.745092814499956e-18, 5.644734907448193e-18, 5.958260878017791e-18, 5.750524195422612e-18, 5.153195479655782e-18, 5.054191763779424e-18, 5.375168108659961e-18, 5.302138081316608e-18, 4.7796629758667015e-18, 4.531587635634222e-18, 4.794351684437503e-18, 4.9047250513631795e-18, 4.532267398793422e-18, 4.1043048830078945e-18, 4.145506843347604e-18, 4.3899205894781814e-18, 4.2942519521468176e-18, 3.856044894482302e-18, 3.538566870219279e-18, 3.619358935268733e-18, 3.771975148353305e-18, 3.622843174172005e-18, 3.236252479807911e-18, 2.9743815251381697e-18, 3.0320323205128607e-18, 3.1584167269745727e-18, 3.0798735573250293e-18, 2.7872312600983235e-18, 2.522599175277352e-18, 2.481756194641168e-18, 2.5813620781293453e-18, 2.5975002863180056e-18, 2.448217523576346e-18, 2.225527215194858e-18, 2.0995216859794868e-18, 2.127349061952922e-18, 2.193220923796218e-18, 2.166790446239239e-18, 2.0418502130105093e-18, 1.891939185222906e-18, 1.8174379277738854e-18, 1.8358370774883957e-18, 1.871078638678986e-18, 1.851489248210249e-18, 1.7646879948755573e-18, 1.6557935808650155e-18, 1.5852509158934503e-18, 1.5826217885800129e-18, 1.6115837320054691e-18, 1.6174249856975975e-18, 1.5768168653473008e-18, 1.502229124594551e-18, 1.427151859783425e-18, 1.3879617010266557e-18, 1.3898686804599946e-18, 1.4032620911872113e-18, 1.396477558393953e-18, 1.3593389815023931e-18, 1.301284120509722e-18, 1.2416049475229113e-18, 1.2066537855809072e-18, 1.2019636403532006e-18, 1.2139732042477492e-18, 1.2169062439359685e-18, 1.2019517862163354e-18, 1.165155201362861e-18, 1.1165238858117446e-18, 1.073982293729202e-18, 1.0517097571435764e-18, 1.0526324103624021e-18, 1.0661099161019753e-18, 1.0797894614121941e-18, 1.0808707142037196e-18, 1.0598250810544888e-18, 1.0221870190962504e-18, 9.756061218452406e-19, 9.343996221231495e-19, 9.039490640295324e-19, 8.840911225939741e-19, 8.740805735122367e-19, 8.640293674178828e-19, 8.500611029546671e-19, 8.321073922671735e-19, 8.057152678738807e-19, 7.781235885754997e-19, 7.574380782746815e-19, 7.460113482709073e-19, 7.450119154274779e-19, 7.503750722129724e-19, 7.580027002588102e-19, 7.611741842840571e-19, 7.563165539666013e-19, 7.4180497849378e-19, 7.18165874268458e-19, 6.885302607063743e-19, 6.585315302571814e-19, 6.296764063433709e-19, 6.089979717873119e-19, 5.992554233581124e-19, 5.951906235015526e-19, 5.952850845679702e-19, 5.964005870030275e-19, 5.945973761776967e-19, 5.902912698296051e-19, 5.250963319438334e-19, 5.2142635207910435e-19, 6.789302170587244e-19, 9.919282304730689e-19, 1.1770789401706825e-18, 1.1432498022993907e-18, 1.1363327461299636e-18, 1.1605499682071444e-18, 1.1290805719590805e-18, 1.083911670092213e-18, 1.100923788779566e-18, 1.1071105836567836e-18, 1.0539402490343293e-18, 1.0299189319145874e-18, 1.0514069506084356e-18, 1.0225254108749843e-18, 9.652608061364955e-19, 9.716258535260356e-19, 9.859115190407766e-19, 9.316122269406571e-19, 8.885223610416763e-19, 9.14510237343919e-19, 9.130990085638602e-19, 8.490044905810557e-19, 8.281882403662949e-19, 8.653602501410181e-19, 8.453582387455393e-19, 7.7397177924122015e-19, 7.701745520730281e-19, 8.125210516370171e-19, 7.838430915674371e-19, 7.172275482287675e-19, 7.245054714180841e-19, 7.633543210989177e-19, 7.304505067821211e-19, 6.73985720187143e-19, 6.930016717298065e-19, 7.294840330331492e-19, 6.964902374713425e-19, 6.429965101774521e-19, 6.646479270957391e-19, 7.102851616204082e-19, 6.884040534627545e-19, 6.321333017622464e-19, 6.29759089528702e-19, 6.675638730598807e-19, 6.647024620911091e-19, 6.186673972335191e-19, 6.000678282787382e-19, 6.258993805287327e-19, 6.385823147754601e-19, 6.1290969493382e-19, 5.869271154961502e-19, 5.914461796672281e-19, 6.033003427042886e-19, 5.970579076163537e-19, 5.799114122707431e-19, 5.735889634642365e-19, 5.767839989646138e-19, 5.801117962034067e-19, 5.749858936876096e-19, 5.646774752266139e-19, 5.53739875513924e-19, 5.49440594491674e-19, 5.564361128510085e-19, 5.622174353777599e-19, 5.516438527480185e-19, 5.334642876567629e-19, 5.303265964952051e-19, 5.47339115208445e-19, 5.567635659214644e-19, 5.380651537718068e-19, 5.112420975233259e-19, 5.133711281701955e-19, 5.43060726673415e-19, 5.539754776839158e-19, 5.256716807256695e-19, 4.898187012114983e-19, 4.93962339167995e-19, 5.293686970413617e-19, 5.422559135122952e-19, 5.094111843162948e-19, 4.667705955428261e-19, 4.674387927460552e-19, 5.053023296545316e-19, 5.246979315880753e-19, 4.957962060280031e-19, 4.475477573386778e-19, 4.389641352623489e-19, 4.763630850115687e-19, 5.082506973758842e-19, 4.922755469695733e-19, 4.447757990245315e-19, 4.1904790347889906e-19, 4.475435652271914e-19, 4.894510441937321e-19, 4.935776335974331e-19, 4.543231323419492e-19, 4.1357445136818966e-19, 4.197027182519322e-19, 4.623656522307752e-19, 4.89779321973092e-19, 4.712835673811272e-19, 4.2649965815071613e-19, 4.015405393616778e-19, 4.285678047169466e-19, 4.7014185537988295e-19, 4.82265235950168e-19, 4.528861687070397e-19, 4.130143504218361e-19, 4.058821391689427e-19, 4.398154907222795e-19, 4.74071788249959e-19, 4.75607990651167e-19, 4.452054319631335e-19, 4.126182709472599e-19, 4.1717309663828885e-19, 4.495028191404112e-19, 4.812563874077614e-19, 4.790991557429833e-19, 4.485809924540801e-19, 4.1792495615369666e-19, 4.220187389069948e-19, 4.542537141689769e-19, 4.8400394905590485e-19, 4.851596324602827e-19, 4.59254647508016e-19, 4.305919855927029e-19, 4.278253834523682e-19, 4.55090756113727e-19, 4.879656302431097e-19, 4.96121939650967e-19, 4.77678558787709e-19, 4.491336307952202e-19, 4.383708803225044e-19, 4.59648226915875e-19, 4.972134089591655e-19, 5.168040142864285e-19, 5.08746166498322e-19, 4.816609648490399e-19, 4.606770289616572e-19, 4.6643775879806345e-19, 5.013137177716226e-19, 5.398329496513074e-19, 5.493468592634501e-19, 5.303292508610733e-19, 5.022338747590453e-19, 4.868713192554292e-19, 5.062260119618704e-19, 5.503161471419797e-19, 5.874527016139581e-19, 5.97301450119268e-19, 5.738903535933887e-19, 5.394483499938989e-19, 5.316164395132851e-19, 5.551283622439603e-19, 6.054061222834067e-19, 6.551349203297317e-19, 6.643025697374546e-19, 6.423958486244978e-19, 6.090127012066184e-19, 5.900434793215361e-19, 6.189076318544362e-19, 6.839883596557163e-19, 7.51057333903665e-19, 7.78123053685208e-19, 7.669466214483795e-19, 7.268025963459425e-19, 6.826205727754367e-19, 7.011734294606708e-19, 7.766214295223907e-19, 8.682592407995949e-19, 9.550993116587442e-19, 9.677339707343538e-19, 9.355962814354068e-19, 8.694286985665923e-19, 8.238149607291347e-19, 8.864535538448979e-19, 1.022128324811118e-18, 1.20483810501093e-18, 1.3547233995752185e-18, 1.415723127904342e-18, 1.4018618435195416e-18, 1.321282495438691e-18, 1.2611298099823594e-18, 1.3724048266931883e-18, 1.657532994182661e-18, 2.074801315858728e-18, 2.4981783935049538e-18, 2.7652209926443523e-18, 2.9297434462508604e-18, 2.8189090195299796e-18, 2.704491152125603e-18)"
