tests/files/output_solution/extremafinder.ecsv
# %ECSV 1.0
# ---
# delimiter: ','
# datatype:
# -
#   name: source_id
#   datatype: int64
#   description: Unique source identifier (unique within a particular Data Release)
# -
#   name: line_name
#   datatype: string
#   description: Name of identified line
# -
#   name: wavelength_nm
#   datatype: float64
#   description: Wavelength of identified line
# -
#   name: line_flux
#   datatype: float64
#   description: Flux of identified line
# -
#   name: depth
#   datatype: float64
#   description: Depth of identified line (difference between line flux and continuum)
# -
#   name: width
#   datatype: float64
#   description: Width pf identified line (distance between the closest inflection points)
# -
#   name: significance
#   datatype: float64
#   description: Ratio between line depth and error of flux at line (in externally calibrated spectrum)
# -
#   name: sig_pwl
#   datatype: float64
#   description: Ratio between line depth and error of flux at line (in internally calibrated spectrum)
source_id,line_name,wavelength_nm,line_flux,depth,width,significance,sig_pwl
5853498713190525696,bp_330,330.02014547614505,6.956654277603137e-16,5.180522785358424e-18,3.9703873792421405,0.0424589410641366,8.510701934744317
5853498713190525696,bp_334,334.5939940997843,4.1644329651988965e-16,-1.5051341600953442e-17,3.816551318972472,0.18572150911986882,4.731364055943534
5853498713190525696,bp_337,337.63212410034726,2.309729839786582e-16,-1.001079336623074e-16,3.614515746021425,1.85975181883545,3.284513846385758
5853498713190525696,bp_341,341.73996490311254,2.0655321727117786e-16,-2.151888551121678e-17,3.7010697239514343,0.6025065330102979,3.5521401403504616
5853498713190525696,bp_344,344.99347922413466,1.0724508665748918e-16,-1.218511944866591e-16,3.9314190310545314,3.756463882886403,3.9154237096670315
5853498713190525696,bp_349,349.5869792505072,2.4745643257978104e-16,7.609544516327865e-17,4.085436204219263,2.135415642689143,5.266027285080024
5853498713190525696,bp_353,353.2586912686636,1.4208579359971478e-16,-2.909126069134529e-17,4.136419666208155,0.7004087961090456,4.922231535890423
5853498713190525696,bp_357,357.9317201100236,2.265577736621554e-16,8.011517462543761e-17,4.1559504644445155,2.1701684777336854,3.4800025485599737
5853498713190525696,bp_361,361.5313919029428,1.2237108653307e-16,-3.363064907167149e-17,4.186150268226811,0.991645101132184,3.6913041602226246
5853498713190525696,bp_366,366.31973398613326,1.6595977974779568e-16,2.743875756376477e-17,4.261935915979905,0.7519585316155649,3.0265429045929464
5853498713190525696,bp_369,369.98900418644973,9.765263933533344e-17,-5.005555638826076e-17,4.473035274549261,1.220087134458661,4.0946372944603375
5853498713190525696,bp_375,375.3420320442173,1.533273717526949e-16,1.1769504307440332e-17,4.466447121280908,0.2468570920561027,2.9692728964988957
5853498713190525696,bp_378,378.80985702409555,6.077346178281594e-17,-9.371144654574839e-17,4.9759453309817445,1.8212721202195827,5.47155968088211
5853498713190525696,bp_419,419.51635503573897,1.7923973096114448e-16,2.1412691011765555e-17,5.792403952243774,0.9434277000310254,0.1095448437653092
5853498713190525696,bp_421,421.0068031466934,1.0228548836177635e-16,-6.721481969510368e-17,9.086229036156794,2.963586765338638,13.123734346587447
5853498713190525696,bp_586,586.3104873060522,1.2366271018890184e-15,-5.690724186908628e-17,22.490756352191852,4.207830086135107,5.056023071297509
5853498713190525696,bp_598,598.627508330618,1.064369854378351e-15,-6.321846658291641e-16,31.378721702483517,49.06454363870092,8.10926040127544
5853498713190525696,bp_642,642.1557922673093,2.664584366439727e-15,6.940099335650553e-16,42.67882034642457,14.580159349645813,261.8685136729635
5853498713190525696,rp_655,655.9680585898482,4.178223356266413e-15,1.8567997426028376e-15,14.492901019216788,29.068717479710955,58.355641592074086
5853498713190525696,rp_668,668.4650070782188,2.207819077045108e-15,-2.0706231958562355e-15,31.083301172927918,30.71685823383432,125.21030858203085
5853498713190525696,rp_704,704.1567745896856,4.863446274247561e-15,1.879177204142608e-15,14.016892987186225,18.544342285092096,15.292537297437816
5853498713190525696,rp_709,709.4457164009799,3.1150891658122964e-15,-2.77198957183822e-15,21.227351193377444,25.721172703586962,86.54208687617746
5853498713190525696,rp_750,750.8362118363855,1.3915822567288852e-14,7.646746232340287e-15,31.85011142950316,55.96465451889095,106.0169001345421
5853498713190525696,rp_769,769.5890823393514,6.837205208895276e-15,-4.8926911768396615e-15,39.74827507275006,42.062371388233316,133.4879997079507
5853498713190525696,rp_823,823.8114839417185,1.8513525001698873e-14,4.043466502821233e-15,37.57725033361385,44.48700954718909,182.59621411738186
5853498713190525696,rp_850,850.9343132254131,1.3668619584231202e-14,-4.7290344490953306e-15,26.871523829461125,55.36113594414489,81.81369542750868
5853498713190525696,rp_889,889.6421776362811,1.932217065409941e-14,-2.2540988297339475e-15,70.77858184885633,23.84148453970584,466.6788493413323
5762406957886626816,bp_348,348.35085631558616,6.403282131678686e-16,1.2121178658761425e-16,13.448622925444965,4.1693568960833245,8.447109107677433
5762406957886626816,bp_351,351.8408297635929,5.848831930577805e-16,-2.8084778740640444e-17,7.041396610815184,0.8272719047124553,4.386604057452592
5762406957886626816,bp_424,424.64859217550134,4.823722282455412e-16,7.768008625814676e-17,12.27887215212985,11.940561647053618,33.7604326637543
5762406957886626816,bp_431,431.16266771749616,3.534201125183009e-16,-7.068856151764146e-17,13.200787288995286,12.13121395588667,33.215732715700476
5762406957886626816,bp_465,465.82764148020493,3.673612433570524e-16,6.874680851380017e-17,34.702324859493956,19.030804524320548,59.28059534583954
5762406957886626816,bp_484,484.42030192878036,2.409925130397576e-16,-7.70198702524693e-17,19.82983941676008,30.636189569882863,52.90634988142206
5762406957886626816,bp_518,518.5543396216844,2.4373832192506116e-16,3.0040786533540026e-17,32.824385229801635,18.3596312058174,50.57393049837576
5762406957886626816,rp_643,643.5656537077114,1.0999373730433356e-16,3.1879770328232627e-18,19.494752252404624,2.804172278057557,135.0368937347161
5762406957886626816,rp_655,655.954918269737,8.142886061612337e-17,-2.1543091083837037e-17,14.190874754038873,19.5750129955163,34.20874291304556
5762406957886626816,rp_684,684.381804327631,8.777718625432534e-17,4.93925020876749e-18,22.642395572126702,5.913255256483144,26.798083040837284
5762406957886626816,rp_689,689.7194499337375,8.390145591886891e-17,-2.16168039837901e-18,8.244478603896255,2.7572963414716285,0.38521069686974896
5762406957886626816,rp_707,707.1655983375393,7.877543219234889e-17,1.357762405305551e-18,11.660292435282827,1.9819375697826564,2.918541684129957
